# episode=30121 || target_num_steps=5000000 || actual_num_steps=5000086 || total_train_time=61135.10671244003
10292.000000 0.000000
20252.000000 0.092308
30212.000000 0.069231
40172.000000 0.179931
50298.000000 0.114504
60258.000000 0.198582
70218.000000 0.276817
80178.000000 0.310954
90304.000000 0.219858
100264.000000 0.265734
110224.000000 0.356902
120184.000000 0.401294
130310.000000 0.464516
140270.000000 0.443077
150230.000000 0.510769
160190.000000 0.496933
170316.000000 0.518293
180276.000000 0.640000
190236.000000 0.618911
200196.000000 0.578313
210322.000000 0.640449
220282.000000 0.590258
230242.000000 0.587896
240202.000000 0.602985
250328.000000 0.638177
260288.000000 0.690411
270248.000000 0.651297
280208.000000 0.699454
290168.000000 0.644258
300294.000000 0.730667
310254.000000 0.688705
320214.000000 0.743935
330174.000000 0.730245
340300.000000 0.733696
350260.000000 0.745308
360220.000000 0.749340
370180.000000 0.737127
380306.000000 0.684783
390266.000000 0.662983
400226.000000 0.754617
410186.000000 0.715789
420312.000000 0.786458
430272.000000 0.769231
440232.000000 0.761658
450192.000000 0.801034
460318.000000 0.797927
470278.000000 0.810256
480238.000000 0.804071
490198.000000 0.837905
500324.000000 0.806931
510284.000000 0.825243
520244.000000 0.796020
530204.000000 0.817955
540330.000000 0.803970
550290.000000 0.778055
560250.000000 0.790816
570210.000000 0.832117
580170.000000 0.848193
590296.000000 0.860636
600256.000000 0.837905
610216.000000 0.870416
620176.000000 0.894737
630302.000000 0.859223
640262.000000 0.872289
650222.000000 0.842365
660182.000000 0.859223
670308.000000 0.824691
680268.000000 0.810000
690228.000000 0.857831
700188.000000 0.892086
710314.000000 0.851582
720274.000000 0.887290
730234.000000 0.897862
740194.000000 0.855072
750320.000000 0.885714
760280.000000 0.888889
770240.000000 0.846154
780200.000000 0.885714
790326.000000 0.898345
800286.000000 0.901869
810246.000000 0.920188
820206.000000 0.912941
830166.000000 0.886792
840292.000000 0.916279
850252.000000 0.915094
860212.000000 0.914692
870172.000000 0.896386
880298.000000 0.910377
890258.000000 0.921296
900218.000000 0.915888
910178.000000 0.906542
920304.000000 0.925234
930264.000000 0.905213
940224.000000 0.921296
950184.000000 0.914692
960310.000000 0.924883
970270.000000 0.930556
980230.000000 0.913753
990190.000000 0.930233
1000150.000000 0.932401
1010442.000000 0.920188
1020402.000000 0.925926
1030362.000000 0.917808
1040322.000000 0.927400
1050448.000000 0.935185
1060408.000000 0.932715
1070368.000000 0.932715
1080328.000000 0.928074
1090454.000000 0.930556
1100414.000000 0.929907
1110374.000000 0.923788
1120334.000000 0.922717
1130460.000000 0.942529
1140420.000000 0.924883
1150380.000000 0.890476
1160340.000000 0.914550
1170466.000000 0.920561
1180426.000000 0.945205
1190386.000000 0.929062
1200346.000000 0.928074
1210472.000000 0.951945
1220432.000000 0.933941
1230392.000000 0.933333
1240352.000000 0.952381
1250478.000000 0.943052
1260438.000000 0.947368
1270398.000000 0.954751
1280358.000000 0.934884
1290318.000000 0.940092
1300444.000000 0.954751
1310404.000000 0.954545
1320364.000000 0.937644
1330324.000000 0.944700
1340450.000000 0.950000
1350410.000000 0.956916
1360370.000000 0.959276
1370330.000000 0.973094
1380456.000000 0.956720
1390416.000000 0.966140
1400376.000000 0.961625
1410336.000000 0.952381
1420462.000000 0.970787
1430422.000000 0.961625
1440382.000000 0.966292
1450342.000000 0.968610
1460468.000000 0.966292
1470428.000000 0.956720
1480388.000000 0.944954
1490348.000000 0.966140
1500474.000000 0.959276
1510434.000000 0.975501
1520394.000000 0.966292
1530354.000000 0.952381
1540480.000000 0.950226
1550440.000000 0.949772
1560400.000000 0.964126
1570360.000000 0.964126
1580320.000000 0.954338
1590446.000000 0.947608
1600406.000000 0.963801
1610366.000000 0.956720
1620326.000000 0.973094
1630452.000000 0.970917
1640412.000000 0.977679
1650372.000000 0.949541
1660332.000000 0.966292
1670458.000000 0.973094
1680418.000000 0.961451
1690378.000000 0.968468
1700338.000000 0.973094
1710464.000000 0.966140
1720424.000000 0.966443
1730384.000000 0.977679
1740344.000000 0.973094
1750470.000000 0.970917
1760430.000000 0.966443
1770390.000000 0.986784
1780350.000000 0.963801
1790476.000000 0.975501
1800436.000000 0.970917
1810396.000000 0.963964
1820356.000000 0.979955
1830316.000000 0.952809
1840442.000000 0.970917
1850402.000000 0.973214
1860362.000000 0.982222
1870322.000000 0.968468
1880448.000000 0.970917
1890408.000000 0.979955
1900368.000000 0.954751
1910328.000000 0.977876
1920454.000000 0.961625
1930414.000000 0.975391
1940374.000000 0.961798
1950334.000000 0.973333
1960460.000000 0.970917
1970420.000000 0.959276
1980380.000000 0.973094
1990340.000000 0.973094
2000134.000000 0.977778
2010426.000000 0.968468
2020386.000000 0.975501
2030346.000000 0.968468
2040306.000000 0.977679
2050432.000000 0.979955
2060392.000000 0.975391
2070352.000000 0.980044
2080312.000000 0.979955
2090438.000000 0.973094
2100398.000000 0.954545
2110358.000000 0.979955
2120318.000000 0.975391
2130444.000000 0.973214
2140404.000000 0.975391
2150364.000000 0.986726
2160324.000000 0.973094
2170450.000000 0.982222
2180410.000000 0.975391
2190370.000000 0.982222
2200330.000000 0.973214
2210456.000000 0.982222
2220416.000000 0.961625
2230376.000000 0.973214
2240336.000000 0.975501
2250462.000000 0.977679
2260422.000000 0.982222
2270382.000000 0.973214
2280342.000000 0.988962
2290302.000000 0.986726
2300428.000000 0.982222
2310388.000000 0.984479
2320348.000000 0.982301
2330308.000000 0.982222
2340434.000000 0.982301
2350394.000000 0.979955
2360354.000000 0.984479
2370314.000000 0.988962
2380440.000000 0.977679
2390400.000000 0.959091
2400360.000000 0.982301
2410320.000000 0.982222
2420446.000000 0.986726
2430406.000000 0.977679
2440366.000000 0.982222
2450326.000000 0.988962
2460452.000000 0.977679
2470412.000000 0.977679
2480372.000000 0.984479
2490332.000000 0.989011
2500458.000000 0.982222
2510418.000000 0.991189
2520378.000000 0.966443
2530338.000000 0.989011
2540464.000000 0.977679
2550424.000000 0.980044
2560384.000000 0.979955
2570344.000000 0.986726
2580304.000000 0.986726
2590430.000000 0.961798
2600390.000000 0.975391
2610350.000000 0.986726
2620310.000000 0.986726
2630436.000000 0.986726
2640396.000000 0.962138
2650356.000000 0.980044
2660316.000000 0.982222
2670442.000000 0.975391
2680402.000000 0.986726
2690362.000000 0.977679
2700322.000000 0.975391
2710448.000000 0.975391
2720408.000000 0.975391
2730368.000000 0.986726
2740328.000000 0.984479
2750454.000000 0.984479
2760414.000000 0.977679
2770374.000000 0.988962
2780334.000000 0.986726
2790460.000000 0.977679
2800420.000000 0.984479
2810380.000000 0.984479
2820340.000000 0.977679
2830300.000000 0.980044
2840426.000000 0.988962
2850386.000000 0.942222
2860346.000000 0.977679
2870306.000000 0.986726
2880432.000000 0.986726
2890392.000000 0.970787
2900352.000000 0.984479
2910312.000000 0.984479
2920438.000000 0.984479
2930398.000000 0.963964
2940358.000000 0.977876
2950318.000000 0.984479
2960444.000000 0.988962
2970404.000000 0.980044
2980364.000000 0.991189
2990324.000000 0.991189
3000118.000000 0.982222
3010410.000000 0.986726
3020370.000000 0.991189
3030330.000000 0.973094
3040290.000000 0.973094
3050416.000000 0.988962
3060376.000000 0.986726
3070336.000000 0.977778
3080296.000000 0.975501
3090422.000000 0.979955
3100382.000000 0.977679
3110342.000000 0.986726
3120302.000000 0.986726
3130428.000000 0.986726
3140388.000000 0.979955
3150348.000000 0.979955
3160308.000000 0.986726
3170434.000000 0.982222
3180394.000000 0.989011
3190354.000000 0.928251
3200314.000000 0.986726
3210440.000000 0.986726
3220400.000000 0.986726
3230360.000000 0.982222
3240320.000000 0.982222
3250446.000000 0.980132
3260406.000000 0.982222
3270366.000000 0.973333
3280326.000000 0.991189
3290286.000000 0.986726
3300412.000000 0.982222
3310372.000000 0.986726
3320332.000000 0.986784
3330292.000000 0.977679
3340418.000000 0.979955
3350378.000000 0.982301
3360338.000000 0.991189
3370298.000000 0.977679
3380424.000000 0.979955
3390384.000000 0.982301
3400344.000000 0.988962
3410304.000000 0.984479
3420430.000000 0.986726
3430390.000000 0.984615
3440350.000000 0.988962
3450310.000000 0.984479
3460436.000000 0.984479
3470396.000000 0.986726
3480356.000000 0.991189
3490316.000000 0.989011
3500442.000000 0.975501
3510402.000000 0.984479
3520362.000000 0.984479
3530322.000000 0.979955
3540448.000000 0.986726
3550408.000000 0.984479
3560368.000000 0.982222
3570328.000000 0.991189
3580288.000000 0.986726
3590414.000000 0.991189
3600374.000000 0.982222
3610334.000000 0.975501
3620294.000000 0.988962
3630420.000000 0.991189
3640380.000000 0.986726
3650340.000000 0.988962
3660300.000000 0.979955
3670426.000000 0.984479
3680386.000000 0.993407
3690346.000000 0.986726
3700306.000000 0.988962
3710432.000000 0.993407
3720392.000000 0.984479
3730352.000000 0.986784
3740312.000000 0.979955
3750438.000000 0.986726
3760398.000000 0.988962
3770358.000000 0.986726
3780318.000000 0.973094
3790444.000000 0.980044
3800404.000000 0.986726
3810364.000000 0.984479
3820324.000000 0.991189
3830284.000000 0.993407
3840410.000000 0.984547
3850370.000000 0.984547
3860330.000000 0.984479
3870290.000000 0.984479
3880416.000000 0.989011
3890376.000000 0.977679
3900336.000000 0.984479
3910296.000000 0.991189
3920422.000000 0.993407
3930382.000000 0.991189
3940342.000000 0.988962
3950302.000000 0.986726
3960428.000000 0.993407
3970388.000000 0.986726
3980348.000000 0.988962
3990308.000000 0.984479
4000434.000000 0.975501
4010394.000000 0.988962
4020354.000000 0.986726
4030314.000000 0.991189
4040440.000000 0.991189
4050400.000000 0.991189
4060360.000000 0.966140
4070320.000000 0.982301
4080446.000000 0.988962
4090406.000000 0.977778
4100366.000000 0.988962
4110326.000000 0.970787
4120286.000000 0.984479
4130412.000000 0.986726
4140372.000000 0.991189
4150332.000000 0.991189
4160292.000000 0.946188
4170418.000000 0.986726
4180378.000000 0.986726
4190338.000000 0.988962
4200298.000000 0.991189
4210424.000000 0.991228
4220384.000000 0.991189
4230344.000000 0.988962
4240304.000000 0.991189
4250430.000000 0.982456
4260390.000000 0.980044
4270350.000000 0.986784
4280310.000000 0.991189
4290436.000000 0.991189
4300396.000000 0.988962
4310356.000000 0.991189
4320316.000000 0.975501
4330442.000000 0.986726
4340402.000000 0.988962
4350362.000000 0.986784
4360322.000000 0.993407
4370448.000000 0.991189
4380408.000000 0.986726
4390368.000000 0.986784
4400328.000000 0.984479
4410288.000000 0.986726
4420414.000000 0.986842
4430374.000000 0.988962
4440334.000000 0.982222
4450294.000000 0.986726
4460420.000000 0.986784
4470380.000000 0.988962
4480340.000000 0.986726
4490300.000000 0.982222
4500426.000000 0.986784
4510386.000000 0.986726
4520346.000000 0.993407
4530306.000000 0.988962
4540432.000000 0.973094
4550392.000000 0.993407
4560352.000000 0.982222
4570312.000000 0.988962
4580438.000000 0.986726
4590398.000000 0.986726
4600358.000000 0.982222
4610318.000000 0.988962
4620444.000000 0.986726
4630404.000000 0.988962
4640364.000000 0.991189
4650324.000000 0.986726
4660284.000000 0.979955
4670410.000000 0.984547
4680370.000000 0.991189
4690330.000000 0.986726
4700290.000000 0.991189
4710416.000000 0.988962
4720376.000000 0.968750
4730336.000000 0.988962
4740296.000000 0.991189
4750422.000000 0.991189
4760382.000000 0.991189
4770342.000000 0.993407
4780302.000000 0.989011
4790428.000000 0.988962
4800388.000000 0.988962
4810348.000000 0.993407
4820308.000000 0.991189
4830434.000000 0.991189
4840394.000000 0.984547
4850354.000000 0.980044
4860314.000000 0.968750
4870440.000000 0.986726
4880400.000000 0.993407
4890360.000000 0.991189
4900320.000000 0.986726
4910446.000000 0.991189
4920406.000000 0.991228
4930366.000000 0.988962
4940326.000000 0.991189
4950286.000000 0.984547
4960412.000000 0.986726
4970372.000000 0.988962
4980332.000000 0.986726
4990292.000000 0.986726
5000086.000000 0.979955
