# episode=9108 || target_num_steps=5000000 || actual_num_steps=5000292 || total_train_time=37522.63144733012
10980.000000 0.000000
20862.000000 0.033835
30744.000000 0.015826
40626.000000 0.029183
51057.000000 0.034884
60939.000000 0.028763
70821.000000 0.090226
80703.000000 0.074697
90585.000000 0.119926
101016.000000 0.110607
110898.000000 0.149599
120780.000000 0.193211
130662.000000 0.207317
141093.000000 0.233564
150975.000000 0.166960
160857.000000 0.235094
170739.000000 0.252951
180621.000000 0.302326
191052.000000 0.272120
200934.000000 0.170667
210816.000000 0.284763
220698.000000 0.343928
230580.000000 0.327815
241011.000000 0.362470
250893.000000 0.397486
260775.000000 0.355200
270657.000000 0.362783
281088.000000 0.400943
290970.000000 0.385449
300852.000000 0.395622
310734.000000 0.413686
320616.000000 0.427035
331047.000000 0.427907
340929.000000 0.417188
350811.000000 0.455026
360693.000000 0.437594
370575.000000 0.455505
381006.000000 0.460030
390888.000000 0.447964
400770.000000 0.458396
410652.000000 0.485842
421083.000000 0.484581
430965.000000 0.475619
440847.000000 0.492863
450729.000000 0.506310
460611.000000 0.510638
471042.000000 0.505576
480924.000000 0.494876
490806.000000 0.527536
500688.000000 0.517066
510570.000000 0.527007
521001.000000 0.515896
530883.000000 0.526545
540765.000000 0.547534
550647.000000 0.546909
561078.000000 0.546503
570960.000000 0.540972
580842.000000 0.534307
590724.000000 0.541757
600606.000000 0.526391
611037.000000 0.577525
620919.000000 0.568600
630801.000000 0.547021
640683.000000 0.566620
650565.000000 0.579609
660996.000000 0.588897
670878.000000 0.574243
680760.000000 0.591608
690642.000000 0.598601
701073.000000 0.590118
710955.000000 0.572040
720837.000000 0.593948
730719.000000 0.596763
740601.000000 0.605809
751032.000000 0.612356
760914.000000 0.609841
770796.000000 0.598639
780678.000000 0.606186
790560.000000 0.629229
800991.000000 0.612526
810873.000000 0.629730
820755.000000 0.637288
830637.000000 0.637333
841068.000000 0.631651
850950.000000 0.628188
860832.000000 0.604493
870714.000000 0.628110
880596.000000 0.630655
891027.000000 0.613821
900909.000000 0.632979
910791.000000 0.648148
920673.000000 0.645161
930555.000000 0.678055
940986.000000 0.636608
950868.000000 0.662252
960750.000000 0.671947
970632.000000 0.654545
981063.000000 0.658211
990945.000000 0.669743
1000278.000000 0.669281
1011258.000000 0.662691
1021140.000000 0.676373
1031022.000000 0.692408
1040904.000000 0.667997
1051335.000000 0.652659
1061217.000000 0.673740
1071099.000000 0.679713
1080981.000000 0.676721
1090863.000000 0.682768
1101294.000000 0.678431
1111176.000000 0.682831
1121058.000000 0.706994
1130940.000000 0.697555
1141371.000000 0.701031
1151253.000000 0.698270
1161135.000000 0.700580
1171017.000000 0.701665
1180899.000000 0.701665
1191330.000000 0.713561
1201212.000000 0.720812
1211094.000000 0.685751
1220976.000000 0.705290
1230858.000000 0.716934
1241289.000000 0.736449
1251171.000000 0.728192
1261053.000000 0.740148
1270935.000000 0.731677
1281366.000000 0.724010
1291248.000000 0.739104
1301130.000000 0.760170
1311012.000000 0.727950
1320894.000000 0.763255
1331325.000000 0.721559
1341207.000000 0.739184
1351089.000000 0.763190
1360971.000000 0.760563
1370853.000000 0.760512
1381284.000000 0.759259
1391166.000000 0.756127
1401048.000000 0.757779
1410930.000000 0.768116
1421361.000000 0.751081
1431243.000000 0.780517
1441125.000000 0.784077
1451007.000000 0.774970
1460889.000000 0.763526
1471320.000000 0.772455
1481202.000000 0.775831
1491084.000000 0.786182
1500966.000000 0.785124
1510848.000000 0.782557
1521279.000000 0.787589
1531161.000000 0.791196
1541043.000000 0.777246
1550925.000000 0.792878
1561356.000000 0.792231
1571238.000000 0.791274
1581120.000000 0.794309
1591002.000000 0.781678
1600884.000000 0.787021
1611315.000000 0.798813
1621197.000000 0.787915
1631079.000000 0.803075
1640961.000000 0.791106
1650843.000000 0.788382
1661274.000000 0.798830
1671156.000000 0.806319
1681038.000000 0.812171
1690920.000000 0.796481
1701351.000000 0.806283
1711233.000000 0.808610
1721115.000000 0.803004
1730997.000000 0.814643
1740879.000000 0.814302
1751310.000000 0.811995
1761192.000000 0.815421
1771074.000000 0.812896
1780956.000000 0.814302
1790838.000000 0.812428
1801269.000000 0.822581
1811151.000000 0.812428
1821033.000000 0.818971
1830915.000000 0.815926
1841346.000000 0.823125
1851228.000000 0.813540
1861110.000000 0.813187
1870992.000000 0.820602
1880874.000000 0.817130
1891305.000000 0.809496
1901187.000000 0.822663
1911069.000000 0.812322
1920951.000000 0.818916
1930833.000000 0.806193
1941264.000000 0.814220
1951146.000000 0.823867
1961028.000000 0.820956
1970910.000000 0.829519
1981341.000000 0.831318
1991223.000000 0.823396
2001105.000000 0.821902
2010987.000000 0.834188
2020869.000000 0.816046
2031300.000000 0.830103
2041182.000000 0.829462
2051064.000000 0.837130
2060946.000000 0.825469
2070828.000000 0.840384
2081259.000000 0.843891
2091141.000000 0.838527
2101023.000000 0.839002
2110905.000000 0.828849
2121336.000000 0.824731
2131218.000000 0.828490
2141100.000000 0.849099
2150982.000000 0.843237
2160864.000000 0.838782
2171295.000000 0.832207
2181177.000000 0.821267
2191059.000000 0.823328
2200941.000000 0.848179
2211372.000000 0.834467
2221254.000000 0.847019
2231136.000000 0.839798
2241018.000000 0.823864
2250900.000000 0.848179
2261331.000000 0.838782
2271213.000000 0.841279
2281095.000000 0.831627
2290977.000000 0.838855
2300859.000000 0.845070
2311290.000000 0.847838
2321172.000000 0.847911
2331054.000000 0.842994
2340936.000000 0.841101
2351367.000000 0.844047
2361249.000000 0.841518
2371131.000000 0.838818
2381013.000000 0.849637
2390895.000000 0.841518
2401326.000000 0.829787
2411208.000000 0.851419
2421090.000000 0.839866
2430972.000000 0.848283
2440854.000000 0.855716
2451285.000000 0.850472
2461167.000000 0.850000
2471049.000000 0.843049
2480931.000000 0.851728
2491362.000000 0.855072
2501244.000000 0.855710
2511126.000000 0.855408
2521008.000000 0.826966
2530890.000000 0.835955
2541321.000000 0.841163
2551203.000000 0.847704
2561085.000000 0.845982
2570967.000000 0.855241
2580849.000000 0.853645
2591280.000000 0.850524
2601162.000000 0.856669
2611044.000000 0.861249
2620926.000000 0.856669
2631357.000000 0.857936
2641239.000000 0.847046
2651121.000000 0.862486
2661003.000000 0.844568
2670885.000000 0.853054
2681316.000000 0.847046
2691198.000000 0.860121
2701080.000000 0.856670
2710962.000000 0.854007
2720844.000000 0.859495
2731275.000000 0.862788
2741157.000000 0.851669
2751039.000000 0.854019
2760921.000000 0.867615
2771352.000000 0.845902
2781234.000000 0.853994
2791116.000000 0.864184
2800998.000000 0.857620
2810880.000000 0.861573
2821311.000000 0.866630
2831193.000000 0.867218
2841075.000000 0.864865
2850957.000000 0.871092
2860839.000000 0.875000
2871270.000000 0.871514
2881152.000000 0.853201
2891034.000000 0.865459
2900916.000000 0.864658
2911347.000000 0.856828
2921229.000000 0.872886
2931111.000000 0.845133
2940993.000000 0.869757
2950875.000000 0.869184
2961306.000000 0.865459
2971188.000000 0.863066
2981070.000000 0.869138
2990952.000000 0.867575
3000834.000000 0.867904
3011265.000000 0.869803
3021147.000000 0.870511
3031029.000000 0.865688
3040911.000000 0.864481
3051342.000000 0.879957
3061224.000000 0.867615
3071106.000000 0.871600
3080988.000000 0.875546
3090870.000000 0.874388
3101301.000000 0.869660
3111183.000000 0.867325
3121065.000000 0.847307
3130947.000000 0.869374
3140829.000000 0.874114
3151260.000000 0.871233
3161142.000000 0.881779
3171024.000000 0.862788
3180906.000000 0.870756
3191337.000000 0.871287
3201219.000000 0.867364
3211101.000000 0.870472
3220983.000000 0.877174
3230865.000000 0.871126
3241296.000000 0.875676
3251178.000000 0.859341
3261060.000000 0.868007
3270942.000000 0.866450
3281373.000000 0.871460
3291255.000000 0.863412
3301137.000000 0.868048
3311019.000000 0.861806
3320901.000000 0.859178
3331332.000000 0.875204
3341214.000000 0.869989
3351096.000000 0.872549
3360978.000000 0.879610
3370860.000000 0.871490
3381291.000000 0.873501
3391173.000000 0.873025
3401055.000000 0.872017
3410937.000000 0.871179
3421368.000000 0.881558
3431250.000000 0.869755
3441132.000000 0.880000
3451014.000000 0.861975
3460896.000000 0.873315
3471327.000000 0.872017
3481209.000000 0.875271
3491091.000000 0.873786
3500973.000000 0.874050
3510855.000000 0.873650
3521286.000000 0.876015
3531168.000000 0.882385
3541050.000000 0.872688
3550932.000000 0.877155
3561363.000000 0.865302
3571245.000000 0.874258
3581127.000000 0.875476
3591009.000000 0.867247
3600891.000000 0.883145
3611322.000000 0.885281
3621204.000000 0.882893
3631086.000000 0.880734
3640968.000000 0.873986
3650850.000000 0.875135
3661281.000000 0.878364
3671163.000000 0.876815
3681045.000000 0.877287
3690927.000000 0.875676
3701358.000000 0.885299
3711240.000000 0.883145
3721122.000000 0.883521
3731004.000000 0.885193
3740886.000000 0.880476
3751317.000000 0.882670
3761199.000000 0.872904
3771081.000000 0.865333
3780963.000000 0.875944
3790845.000000 0.872156
3801276.000000 0.876890
3811158.000000 0.876344
3821040.000000 0.882101
3830922.000000 0.869612
3841353.000000 0.874130
3851235.000000 0.879699
3861117.000000 0.878706
3870999.000000 0.882321
3880881.000000 0.876283
3891312.000000 0.875670
3901194.000000 0.878023
3911076.000000 0.883871
3920958.000000 0.876417
3930840.000000 0.876609
3941271.000000 0.883521
3951153.000000 0.883621
3961035.000000 0.873465
3970917.000000 0.880388
3981348.000000 0.884574
3991230.000000 0.872570
4001112.000000 0.875740
4010994.000000 0.877212
4020876.000000 0.869752
4031307.000000 0.877419
4041189.000000 0.865217
4051071.000000 0.875334
4060953.000000 0.874399
4070835.000000 0.876283
4081266.000000 0.880685
4091148.000000 0.885088
4101030.000000 0.886873
4110912.000000 0.888889
4121343.000000 0.890198
4131225.000000 0.884390
4141107.000000 0.883696
4150989.000000 0.880773
4160871.000000 0.892571
4171302.000000 0.881374
4181184.000000 0.884019
4191066.000000 0.881410
4200948.000000 0.882574
4210830.000000 0.889840
4221261.000000 0.882700
4231143.000000 0.880901
4241025.000000 0.890919
4250907.000000 0.888175
4261338.000000 0.877736
4271220.000000 0.887347
4281102.000000 0.890316
4290984.000000 0.894681
4300866.000000 0.895889
4311297.000000 0.886532
4321179.000000 0.884143
4331061.000000 0.884861
4340943.000000 0.889952
4351374.000000 0.881915
4361256.000000 0.877419
4371138.000000 0.885928
4381020.000000 0.904661
4390902.000000 0.888771
4401333.000000 0.891362
4411215.000000 0.895157
4421097.000000 0.892763
4430979.000000 0.891949
4440861.000000 0.891121
4451292.000000 0.885350
4461174.000000 0.875267
4471056.000000 0.892178
4480938.000000 0.897354
4491369.000000 0.897206
4501251.000000 0.890069
4511133.000000 0.890783
4521015.000000 0.891835
4530897.000000 0.890426
4541328.000000 0.890774
4551210.000000 0.889714
4561092.000000 0.898413
4570974.000000 0.897830
4580856.000000 0.895712
4591287.000000 0.888652
4601169.000000 0.899044
4611051.000000 0.885684
4620933.000000 0.892667
4631364.000000 0.882979
4641246.000000 0.895570
4651128.000000 0.890783
4661010.000000 0.893594
4670892.000000 0.891362
4681323.000000 0.896042
4691205.000000 0.894292
4701087.000000 0.889947
4710969.000000 0.887831
4720851.000000 0.885472
4731282.000000 0.892193
4741164.000000 0.891362
4751046.000000 0.895238
4760928.000000 0.891821
4771359.000000 0.902478
4781241.000000 0.902580
4791123.000000 0.896771
4801005.000000 0.903294
4810887.000000 0.903226
4821318.000000 0.881823
4831200.000000 0.901795
4841082.000000 0.900424
4850964.000000 0.898045
4860846.000000 0.880812
4871277.000000 0.897176
4881159.000000 0.898841
4891041.000000 0.898368
4900923.000000 0.894180
4911354.000000 0.882854
4921236.000000 0.897137
4931118.000000 0.899947
4941000.000000 0.898888
4950882.000000 0.889710
4961313.000000 0.900529
4971195.000000 0.901215
4981077.000000 0.901423
4990959.000000 0.898734
5000292.000000 0.898841
