# episode=12225 || target_num_steps=5000000 || actual_num_steps=5000025 || total_train_time=34298.688521583
10634.000000 0.000000
20450.000000 0.000000
30675.000000 0.019895
40491.000000 0.014109
50716.000000 0.015160
60532.000000 0.017493
70757.000000 0.023447
80573.000000 0.015403
90798.000000 0.021189
100614.000000 0.020047
110430.000000 0.039696
120655.000000 0.023256
130471.000000 0.039581
140696.000000 0.038217
150512.000000 0.039673
160737.000000 0.043956
170553.000000 0.063401
180778.000000 0.054147
190594.000000 0.060780
200410.000000 0.081911
210635.000000 0.072206
220451.000000 0.125347
230676.000000 0.127565
240492.000000 0.141914
250717.000000 0.166395
260533.000000 0.133998
270758.000000 0.132304
280574.000000 0.167931
290799.000000 0.211024
300615.000000 0.164488
310431.000000 0.211193
320656.000000 0.225263
330472.000000 0.227129
340697.000000 0.237076
350513.000000 0.251553
360738.000000 0.273051
370554.000000 0.293522
380779.000000 0.281489
390595.000000 0.323413
400411.000000 0.350656
410636.000000 0.331551
420452.000000 0.324566
430677.000000 0.357834
440493.000000 0.347445
450718.000000 0.342080
460534.000000 0.373042
470759.000000 0.356072
480575.000000 0.380268
490800.000000 0.401681
500616.000000 0.400377
510432.000000 0.408562
520657.000000 0.424299
530473.000000 0.409241
540698.000000 0.437990
550514.000000 0.429698
560739.000000 0.447584
570555.000000 0.416705
580780.000000 0.419234
590596.000000 0.457195
600412.000000 0.428106
610637.000000 0.473637
620453.000000 0.466817
630678.000000 0.472348
640494.000000 0.482728
650719.000000 0.487629
660535.000000 0.462591
670760.000000 0.454754
680576.000000 0.465517
690801.000000 0.468835
700617.000000 0.468200
710433.000000 0.509890
720658.000000 0.487111
730474.000000 0.474944
740699.000000 0.475113
750515.000000 0.503776
760740.000000 0.516556
770556.000000 0.506655
780781.000000 0.496883
790597.000000 0.502674
800413.000000 0.497548
810638.000000 0.533681
820454.000000 0.528846
830679.000000 0.543572
840495.000000 0.536038
850720.000000 0.536245
860536.000000 0.540728
870761.000000 0.523643
880577.000000 0.541432
890802.000000 0.533681
900618.000000 0.561224
910434.000000 0.569133
920659.000000 0.563621
930475.000000 0.551665
940700.000000 0.559387
950516.000000 0.579253
960741.000000 0.577554
970557.000000 0.570224
980782.000000 0.572754
990598.000000 0.580808
1000414.000000 0.558100
1010639.000000 0.588727
1020455.000000 0.600830
1030680.000000 0.594752
1040496.000000 0.576682
1050721.000000 0.590777
1060537.000000 0.600166
1070762.000000 0.593879
1080578.000000 0.594505
1090803.000000 0.602990
1100619.000000 0.590246
1110435.000000 0.599917
1120660.000000 0.604938
1130476.000000 0.609555
1140701.000000 0.602569
1150517.000000 0.604613
1160742.000000 0.614943
1170558.000000 0.612044
1180783.000000 0.596026
1190599.000000 0.622587
1200415.000000 0.616203
1210640.000000 0.626214
1220456.000000 0.620915
1230681.000000 0.621556
1240497.000000 0.625508
1250722.000000 0.620718
1260538.000000 0.630986
1270763.000000 0.629780
1280579.000000 0.631749
1290804.000000 0.637460
1300620.000000 0.628153
1310436.000000 0.630104
1320661.000000 0.619163
1330477.000000 0.647339
1340702.000000 0.645858
1350518.000000 0.630400
1360743.000000 0.660876
1370559.000000 0.647574
1380784.000000 0.642034
1390600.000000 0.670067
1400416.000000 0.654403
1410641.000000 0.665098
1420457.000000 0.652756
1430682.000000 0.658805
1440498.000000 0.659818
1450723.000000 0.657188
1460539.000000 0.659616
1470764.000000 0.664308
1480580.000000 0.671607
1490805.000000 0.663277
1500621.000000 0.657502
1510437.000000 0.672656
1520662.000000 0.684699
1530478.000000 0.680156
1540703.000000 0.660658
1550519.000000 0.671613
1560744.000000 0.686064
1570560.000000 0.690741
1580785.000000 0.689761
1590601.000000 0.685228
1600417.000000 0.673888
1610642.000000 0.682964
1620458.000000 0.678955
1630683.000000 0.684712
1640499.000000 0.686222
1650724.000000 0.681098
1660540.000000 0.689550
1670765.000000 0.699848
1680581.000000 0.696612
1690806.000000 0.688337
1700622.000000 0.694992
1710438.000000 0.707086
1720663.000000 0.696082
1730479.000000 0.691838
1740704.000000 0.701210
1750520.000000 0.695882
1760745.000000 0.697869
1770561.000000 0.712618
1780786.000000 0.708349
1790602.000000 0.709215
1800418.000000 0.710794
1810643.000000 0.708459
1820459.000000 0.701622
1830684.000000 0.709241
1840500.000000 0.717929
1850725.000000 0.714286
1860541.000000 0.697763
1870766.000000 0.719252
1880582.000000 0.711546
1890807.000000 0.710812
1900623.000000 0.706415
1910439.000000 0.724100
1920664.000000 0.718006
1930480.000000 0.725454
1940705.000000 0.719970
1950521.000000 0.718331
1960746.000000 0.725373
1970562.000000 0.709437
1980787.000000 0.721604
1990603.000000 0.708520
2000419.000000 0.713699
2010644.000000 0.723026
2020460.000000 0.720059
2030685.000000 0.721275
2040501.000000 0.731761
2050726.000000 0.717930
2060542.000000 0.734186
2070767.000000 0.712533
2080583.000000 0.727273
2090808.000000 0.728608
2100624.000000 0.730953
2110440.000000 0.727741
2120665.000000 0.734829
2130481.000000 0.730287
2140706.000000 0.718762
2150522.000000 0.730088
2160747.000000 0.734993
2170563.000000 0.729006
2180788.000000 0.737266
2190604.000000 0.741120
2200420.000000 0.736147
2210645.000000 0.733824
2220461.000000 0.721733
2230686.000000 0.742795
2240502.000000 0.722590
2250727.000000 0.735423
2260543.000000 0.741010
2270768.000000 0.728540
2280584.000000 0.744271
2290809.000000 0.743189
2300625.000000 0.732260
2310441.000000 0.740419
2320666.000000 0.740043
2330482.000000 0.735849
2340707.000000 0.743766
2350523.000000 0.744220
2360748.000000 0.732702
2370564.000000 0.743292
2380789.000000 0.729858
2390605.000000 0.733745
2400421.000000 0.737341
2410646.000000 0.716801
2420462.000000 0.731974
2430687.000000 0.750090
2440503.000000 0.748644
2450728.000000 0.746927
2460544.000000 0.739696
2470769.000000 0.740875
2480585.000000 0.750090
2490810.000000 0.748918
2500626.000000 0.752518
2510442.000000 0.744942
2520667.000000 0.736000
2530483.000000 0.747023
2540708.000000 0.752418
2550524.000000 0.744727
2560749.000000 0.760714
2570565.000000 0.762110
2580790.000000 0.758621
2590606.000000 0.756369
2600422.000000 0.761599
2610647.000000 0.758151
2620463.000000 0.756989
2630688.000000 0.760955
2640504.000000 0.761563
2650729.000000 0.756581
2660545.000000 0.764832
2670770.000000 0.753769
2680586.000000 0.760473
2690811.000000 0.760029
2700627.000000 0.779000
2710443.000000 0.777582
2720668.000000 0.765520
2730484.000000 0.770532
2740709.000000 0.767114
2750525.000000 0.777070
2760750.000000 0.779494
2770566.000000 0.770428
2780791.000000 0.771398
2790607.000000 0.767549
2800423.000000 0.774991
2810648.000000 0.763121
2820464.000000 0.768525
2830689.000000 0.771186
2840505.000000 0.786091
2850730.000000 0.776603
2860546.000000 0.784863
2870771.000000 0.770318
2880587.000000 0.782731
2890812.000000 0.785989
2900628.000000 0.770208
2910444.000000 0.784286
2920669.000000 0.782394
2930485.000000 0.785211
2940710.000000 0.779267
2950526.000000 0.772903
2960751.000000 0.783888
2970567.000000 0.790470
2980792.000000 0.773965
2990608.000000 0.775524
3000424.000000 0.779852
3010649.000000 0.784837
3020465.000000 0.754797
3030690.000000 0.773465
3040506.000000 0.798885
3050731.000000 0.787160
3060547.000000 0.783032
3070772.000000 0.766854
3080588.000000 0.794578
3090813.000000 0.792924
3100629.000000 0.790261
3110445.000000 0.791970
3120670.000000 0.800553
3130486.000000 0.790843
3140711.000000 0.787816
3150527.000000 0.804003
3160752.000000 0.787879
3170568.000000 0.789035
3180793.000000 0.793519
3190609.000000 0.790536
3200425.000000 0.787522
3210650.000000 0.802632
3220466.000000 0.793904
3230691.000000 0.789216
3240507.000000 0.795669
3250732.000000 0.792544
3260548.000000 0.789200
3270773.000000 0.796245
3280589.000000 0.765476
3290814.000000 0.789272
3300630.000000 0.790166
3310446.000000 0.793640
3320671.000000 0.787227
3330487.000000 0.793893
3340712.000000 0.800826
3350528.000000 0.795415
3360753.000000 0.800831
3370569.000000 0.789272
3380794.000000 0.790585
3390610.000000 0.800412
3400426.000000 0.800413
3410651.000000 0.800821
3420467.000000 0.787522
3430692.000000 0.799449
3440508.000000 0.801786
3450733.000000 0.788276
3460549.000000 0.805383
3470774.000000 0.796290
3480590.000000 0.795057
3490815.000000 0.799036
3500631.000000 0.797942
3510447.000000 0.797945
3520672.000000 0.797807
3530488.000000 0.795346
3540713.000000 0.793966
3550529.000000 0.809134
3560754.000000 0.791495
3570570.000000 0.801639
3580795.000000 0.798080
3590611.000000 0.803962
3600427.000000 0.804911
3610652.000000 0.803144
3620468.000000 0.815395
3630693.000000 0.800412
3640509.000000 0.810462
3650734.000000 0.806671
3660550.000000 0.821853
3670775.000000 0.815772
3680591.000000 0.808598
3690816.000000 0.813548
3700632.000000 0.796992
3710448.000000 0.804621
3720673.000000 0.800551
3730489.000000 0.805079
3740714.000000 0.810480
3750530.000000 0.802179
3760755.000000 0.805479
3770571.000000 0.815343
3780796.000000 0.799180
3790612.000000 0.818951
3800428.000000 0.811289
3810653.000000 0.806814
3820469.000000 0.809394
3830694.000000 0.796454
3840510.000000 0.808859
3850735.000000 0.811821
3860551.000000 0.802465
3870776.000000 0.804496
3880592.000000 0.817751
3890817.000000 0.808728
3900633.000000 0.803419
3910449.000000 0.804208
3920674.000000 0.819850
3930490.000000 0.812500
3940715.000000 0.822493
3950531.000000 0.805980
3960756.000000 0.814664
3970572.000000 0.816520
3980797.000000 0.819817
3990613.000000 0.685225
4000429.000000 0.814740
4010654.000000 0.810609
4020470.000000 0.811289
4030695.000000 0.809249
4040511.000000 0.803396
4050736.000000 0.815620
4060552.000000 0.812754
4070777.000000 0.813605
4080593.000000 0.811417
4090409.000000 0.796703
4100634.000000 0.810058
4110450.000000 0.803802
4120675.000000 0.813387
4130491.000000 0.817385
4140716.000000 0.825750
4150532.000000 0.812458
4160757.000000 0.817568
4170573.000000 0.824402
4180798.000000 0.815015
4190614.000000 0.813090
4200430.000000 0.812437
4210655.000000 0.816340
4220471.000000 0.819131
4230696.000000 0.833109
4240512.000000 0.804754
4250737.000000 0.817016
4260553.000000 0.823292
4270778.000000 0.814513
4280594.000000 0.808410
4290410.000000 0.808511
4300635.000000 0.812711
4310451.000000 0.814064
4320676.000000 0.815736
4330492.000000 0.826102
4340717.000000 0.819009
4350533.000000 0.815338
4360758.000000 0.817937
4370574.000000 0.809878
4380799.000000 0.816740
4390615.000000 0.808539
4400431.000000 0.810298
4410656.000000 0.824283
4420472.000000 0.821622
4430697.000000 0.811614
4440513.000000 0.818305
4450738.000000 0.823490
4460554.000000 0.821259
4470779.000000 0.812076
4480595.000000 0.825161
4490411.000000 0.818824
4500636.000000 0.831029
4510452.000000 0.822537
4520677.000000 0.819163
4530493.000000 0.823766
4540718.000000 0.814416
4550534.000000 0.805980
4560759.000000 0.812289
4570575.000000 0.828351
4580800.000000 0.817479
4590616.000000 0.821429
4600432.000000 0.823609
4610657.000000 0.834171
4620473.000000 0.811231
4630698.000000 0.816381
4640514.000000 0.829859
4650739.000000 0.817327
4660555.000000 0.808381
4670780.000000 0.818151
4680596.000000 0.815416
4690412.000000 0.822619
4700637.000000 0.824798
4710453.000000 0.826568
4720678.000000 0.816464
4730494.000000 0.821441
4740719.000000 0.809956
4750535.000000 0.820565
4760760.000000 0.817269
4770576.000000 0.818639
4780801.000000 0.819253
4790617.000000 0.822979
4800433.000000 0.821560
4810658.000000 0.828600
4820474.000000 0.811340
4830699.000000 0.829595
4840515.000000 0.817479
4850740.000000 0.820410
4860556.000000 0.818455
4870781.000000 0.826667
4880597.000000 0.826640
4890413.000000 0.828648
4900638.000000 0.827218
4910454.000000 0.821010
4920679.000000 0.822938
4930495.000000 0.828000
4940720.000000 0.817420
4950536.000000 0.828323
4960761.000000 0.832667
4970577.000000 0.822230
4980802.000000 0.827655
4990618.000000 0.828943
5000025.000000 0.832555
