0	0.000000	0.711458	B3	64	0	0	-2
1	0.000000	0.711458	E3	64	0	0	-5
2	0.000000	0.711458	E4	64	0	0	-1
3	0.500000	0.973958	B4	64	0	0	1
4	0.500000	1.211458	E5	64	0	0	3
5	0.500000	1.211458	G5	64	0	0	5
6	0.750000	1.461458	B3	64	0	0	-2
7	0.750000	1.461458	E4	64	0	0	-1
8	1.000000	1.236458	A4	64	0	0	1
9	1.250000	1.723958	A4	64	0	0	1
10	1.250000	1.723958	A5	64	0	0	5
11	1.250000	1.723958	D5	64	0	0	2
12	1.250000	1.723958	F#5	64	0	0	3
13	1.500000	1.973958	B3	64	0	0	-2
14	1.500000	1.973958	E4	64	0	0	-1
15	1.750000	2.223958	B5	64	0	0	5
16	1.750000	2.223958	D5	64	0	0	1
17	1.750000	2.223958	G5	64	0	0	3
18	2.000000	2.711458	D4	64	0	0	-2
19	2.000000	2.711458	G3	64	0	0	-5
20	2.000000	2.711458	G4	64	0	0	-1
21	2.250000	2.486458	G5	64	0	0	3
22	2.500000	2.736458	D5	64	0	0	2
23	2.750000	3.461458	C4	64	0	0	-5
24	2.750000	2.986458	C5	64	0	0	1
25	2.750000	3.461458	E4	64	0	0	-3
26	2.750000	3.461458	G4	64	0	0	-1
27	3.000000	3.236458	E5	64	0	0	2
28	3.250000	3.723958	C5	64	0	0	1
29	3.250000	3.723958	C6	64	0	0	5
30	3.250000	3.723958	E5	64	0	0	2
31	3.250000	3.723958	G5	64	0	0	3
32	3.500000	3.973958	E4	64	0	0	-3
33	3.500000	3.973958	G4	64	0	0	-1
34	3.750000	4.461458	B4	64	0	0	1
35	3.750000	4.461458	B5	64	0	0	5
36	3.750000	4.461458	E5	64	0	0	2
37	3.750000	4.461458	G5	64	0	0	3
38	4.000000	4.711458	B3	64	0	0	-2
39	4.000000	4.711458	E3	64	0	0	-5
40	4.000000	4.711458	E4	64	0	0	-1
41	4.500000	5.211458	B4	64	0	0	1
42	4.500000	5.211458	E5	64	0	0	3
43	4.500000	5.211458	G5	64	0	0	5
44	4.750000	5.461458	B3	64	0	0	-2
45	4.750000	5.461458	E4	64	0	0	-1
46	5.250000	5.723958	A5	64	0	0	5
47	5.250000	5.723958	B4	64	0	0	1
48	5.250000	5.723958	E5	64	0	0	3
49	5.500000	5.973958	E4	64	0	0	-1
50	5.750000	6.461458	B4	64	0	0	2
51	5.750000	6.461458	D5	64	0	0	3
52	5.750000	6.461458	F#4	64	0	0	1
53	5.750000	6.461458	F#5	64	0	0	5
54	6.000000	6.711458	B2	64	0	0	-5
55	6.000000	6.711458	B3	64	0	0	-1
56	6.000000	6.711458	F#3	64	0	0	-2
57	6.500000	7.211458	B4	64	0	0	2
58	6.500000	7.211458	D5	64	0	0	3
59	6.500000	7.211458	F#4	64	0	0	1
60	6.500000	7.211458	F#5	64	0	0	5
61	6.750000	7.461458	B3	64	0	0	-2
62	6.750000	7.461458	D4	64	0	0	-1
63	7.250000	7.723958	D5	64	0	0	3
64	7.250000	7.723958	G5	64	0	0	5
65	7.500000	7.973958	B3	64	0	0	-2
66	7.500000	7.973958	D4	64	0	0	-1
67	7.750000	8.461458	C5	64	0	0	3
68	7.750000	8.461458	E4	64	0	0	1
69	7.750000	8.461458	E5	64	0	0	5
70	8.000000	8.711458	C3	64	0	0	-5
71	8.000000	8.711458	C4	64	0	0	-1
72	8.000000	8.711458	E3	64	0	0	-3
73	8.000000	8.711458	G3	64	0	0	-2
74	8.500000	8.973958	C6	64	0	0	5
75	8.500000	8.973958	E5	64	0	0	1
76	8.500000	8.973958	G5	64	0	0	2
77	8.750000	9.461458	C4	64	0	0	-1
78	8.750000	9.461458	E3	64	0	0	-3
79	8.750000	9.461458	G3	64	0	0	-2
80	9.000000	9.236458	A4	64	0	0	1
81	9.250000	9.723958	A4	64	0	0	1
82	9.250000	9.723958	A5	64	0	0	5
83	9.250000	9.723958	D5	64	0	0	2
84	9.250000	9.723958	F#5	64	0	0	3
85	9.500000	9.973958	C4	64	0	0	-1
86	9.750000	10.223958	B4	64	0	0	1
87	9.750000	10.223958	B5	64	0	0	5
88	9.750000	10.223958	E5	64	0	0	2
89	9.750000	10.223958	G5	64	0	0	3
90	10.000000	10.711458	B3	64	0	0	-2
91	10.000000	10.711458	E3	64	0	0	-5
92	10.000000	10.711458	E4	64	0	0	-1
93	10.250000	10.486458	G5	64	0	0	3
94	10.500000	10.736458	E5	64	0	0	2
95	10.750000	11.461458	A3	64	0	0	-5
96	10.750000	11.461458	C4	64	0	0	-3
97	10.750000	10.986458	C5	64	0	0	1
98	10.750000	11.461458	E4	64	0	0	-1
99	11.000000	11.236458	E5	64	0	0	2
100	11.250000	11.723958	C6	64	0	0	5
101	11.250000	11.723958	E5	64	0	0	2
102	11.250000	11.723958	G5	64	0	0	3
103	11.500000	11.973958	C4	64	0	0	-3
104	11.500000	11.973958	E4	64	0	0	-1
105	11.750000	12.461458	B4	64	0	0	1
106	11.750000	12.461458	B5	64	0	0	5
107	11.750000	12.461458	E5	64	0	0	2
108	11.750000	12.461458	G5	64	0	0	3
109	12.000000	12.711458	B3	64	0	0	-2
110	12.000000	12.711458	E3	64	0	0	-5
111	12.000000	12.711458	E4	64	0	0	-1
112	12.500000	13.211458	B4	64	0	0	1
113	12.500000	13.211458	E5	64	0	0	3
114	12.500000	13.211458	G5	64	0	0	5
115	12.750000	13.461458	E4	64	0	0	-1
116	12.750000	13.461458	G4	64	0	0	-2
117	13.250000	13.723958	A5	64	0	0	5
118	13.250000	13.723958	B4	64	0	0	1
119	13.250000	13.723958	E5	64	0	0	3
120	13.500000	13.973958	E4	64	0	0	-1
121	13.500000	13.973958	G4	64	0	0	-2
122	13.750000	14.461458	B4	64	0	0	2
123	13.750000	14.461458	D5	64	0	0	3
124	13.750000	14.461458	F#4	64	0	0	1
125	13.750000	14.461458	F#5	64	0	0	5
126	14.000000	14.711458	B2	64	0	0	-5
127	14.000000	14.711458	B3	64	0	0	-1
128	14.000000	14.711458	F#3	64	0	0	-2
129	14.500000	15.211458	B4	64	0	0	2
130	14.500000	15.211458	D5	64	0	0	3
131	14.500000	15.211458	F#4	64	0	0	1
132	14.500000	15.211458	F#5	64	0	0	5
133	14.750000	15.461458	B3	64	0	0	-2
134	14.750000	15.461458	D4	64	0	0	-1
135	15.250000	15.723958	D5	64	0	0	3
136	15.250000	15.723958	G5	64	0	0	5
137	15.500000	15.973958	B3	64	0	0	-2
138	15.500000	15.973958	D4	64	0	0	-1
139	15.750000	16.461458	C5	64	0	0	5
140	15.750000	16.461458	E4	64	0	0	1
141	15.750000	16.461458	G4	64	0	0	2
142	16.000000	16.711458	C3	64	0	0	-5
143	16.000000	16.711458	C4	64	0	0	-1
144	16.000000	16.711458	G3	64	0	0	-2
145	16.500000	16.736458	E4	64	0	0	2
146	16.750000	17.223958	C4	64	0	0	1
147	16.750000	17.461458	G3	64	0	0	-2
148	17.250000	17.723958	E4	64	0	0	2
149	17.500000	17.973958	G3	64	0	0	-2
150	17.750000	18.223958	C4	64	0	0	1
151	18.000000	18.711458	C3	64	0	0	-5
152	18.000000	18.711458	G3	64	0	0	-1
153	18.250000	18.486458	C4	64	0	0	1
154	18.500000	18.973958	E4	64	0	0	2
155	18.750000	19.461458	G3	64	0	0	-1
156	19.000000	19.236458	C4	64	0	0	1
157	19.250000	19.723958	E4	64	0	0	2
158	19.500000	19.973958	G3	64	0	0	-1
159	19.750000	19.986458	C4	64	0	0	1