0	0.000000	0.436538	D3	96	0	0	-5
1	0.230769	0.448077	G4	96	0	0	3
2	0.461539	0.898077	G3	96	0	0	-2
3	0.692308	0.909615	G4	96	0	0	3
4	0.923077	1.359615	B3	96	0	0	-1
5	1.153846	1.590385	G4	96	0	0	3
6	1.384615	1.821154	G3	96	0	0	-2
7	1.615385	2.051923	F#4	96	0	0	2
8	1.846154	2.282692	D3	96	0	0	-5
9	2.076923	2.513462	E4	96	0	0	1
10	2.307692	2.744231	F#3	96	0	0	-3
11	2.769231	3.205769	A3	96	0	0	-1
12	3.076923	3.367308	F#4	96	0	0	2
13	3.230770	3.667308	F#3	96	0	0	-4
14	3.384616	3.894231	G4	96	0	0	3
15	3.692308	4.128846	E3	96	0	0	-5
16	3.923077	4.798077	E4	96	0	0	1
17	4.153847	4.590385	G3	96	0	0	-3
18	4.615385	5.051923	B3	96	0	0	-1
19	5.076924	5.513462	G3	96	0	0	-3
20	5.538462	5.975000	E3	96	0	0	-5
21	6.000000	6.436539	G3	96	0	0	-3
22	6.461539	6.898077	C4	96	0	0	-1
23	6.461539	6.898077	E4	96	0	0	1
24	6.923077	7.359616	F#4	96	0	0	2
25	6.923077	7.359616	G3	96	0	0	-3
26	7.384616	7.821154	D3	96	0	0	-5
27	7.384616	7.821154	G4	96	0	0	3
28	7.846154	8.282693	D4	96	0	0	1
29	7.846154	8.282693	G3	96	0	0	-2
30	8.307693	8.744231	B3	96	0	0	-1
31	8.538462	8.975001	G4	96	0	0	3
32	8.769232	9.205770	G3	96	0	0	-2
33	9.000001	9.436539	F#4	96	0	0	2
34	9.230770	9.667308	D3	96	0	0	-5
35	9.461539	10.117309	E4	96	0	0	1
36	9.692308	10.128847	F#3	96	0	0	-3
37	10.153847	10.590385	A3	96	0	0	-1
38	10.615386	11.051924	F#3	96	0	0	-4
39	10.615386	11.051924	G4	96	0	0	3
40	11.076924	11.513462	E3	96	0	0	-5
41	11.076924	12.390386	E4	96	0	0	1
42	11.538462	11.975001	G3	96	0	0	-3
43	12.000001	12.436539	B3	96	0	0	-1
44	12.461540	12.898078	G3	96	0	0	-3
45	12.923078	13.359616	E3	96	0	0	-5
46	12.923078	13.359616	G4	96	0	0	2
47	13.384616	13.821155	G3	96	0	0	-3
48	13.846155	14.063463	B4	96	0	0	3
49	13.846155	14.282693	C4	96	0	0	-1
50	14.307693	14.525001	B4	96	0	0	3
51	14.307693	14.744232	G3	96	0	0	-3
52	14.769232	15.205770	B4	96	0	0	3
53	14.769232	15.205770	D3	96	0	0	-5
54	15.230771	15.667309	G3	96	0	0	-2
55	15.692309	16.128847	B3	96	0	0	-1
56	15.923078	16.359617	D5	96	0	0	5
57	16.153848	16.590386	G3	96	0	0	-2
58	16.384617	16.821155	B4	96	0	0	3
59	16.615386	17.051924	D3	96	0	0	-5
60	17.076925	17.513463	F#3	96	0	0	-3
61	17.538463	17.975001	A3	96	0	0	-1
62	17.538463	17.755771	C5	96	0	0	4
63	17.769232	17.986540	B4	96	0	0	3
64	18.000001	18.217309	A4	96	0	0	2
65	18.000001	18.436540	F#3	96	0	0	-4
66	18.230771	18.448078	G4	96	0	0	1
67	18.461540	18.898078	B4	96	0	0	4
68	18.461540	18.898078	E3	96	0	0	-5
69	18.923078	19.359617	G3	96	0	0	-3
70	19.384617	19.821155	B3	96	0	0	-1
71	19.384617	19.821155	B4	96	0	0	4
72	19.846155	20.063463	A4	96	0	0	3
73	19.846155	20.282694	G3	96	0	0	-3
74	20.076925	20.294232	G4	96	0	0	2
75	20.307694	20.744232	E3	96	0	0	-5
76	20.307694	21.182694	E4	96	0	0	1
77	20.769233	21.205771	G3	96	0	0	-3
78	21.230771	21.667309	C4	96	0	0	-1
79	21.230771	21.521156	G4	96	0	0	3
80	21.692310	22.128848	G3	96	0	0	-3
81	21.846156	22.136540	G4	96	0	0	3
82	22.153848	22.590386	D3	96	0	0	-5
83	22.153848	23.028848	G4	96	0	0	3
84	22.615386	23.051925	G3	96	0	0	-2
85	23.076925	23.513463	B3	96	0	0	-1
86	23.076925	23.294233	D4	96	0	0	1
87	23.538463	23.975002	G3	96	0	0	-2
88	23.769233	23.986540	D4	96	0	0	1
89	24.000002	24.436540	D3	96	0	0	-5
90	24.000002	24.217310	E4	96	0	0	2
91	24.230771	24.667310	D4	96	0	0	1
92	24.461541	24.898079	F#3	96	0	0	-3
93	24.692310	25.128848	E4	96	0	0	3
94	24.923079	25.359617	A3	96	0	0	-1
95	25.153848	25.590387	G4	96	0	0	5
96	25.384618	25.821156	F#3	96	0	0	-4
97	25.615387	27.148079	E4	96	0	0	3
98	25.846156	26.282694	E3	96	0	0	-5
99	26.307695	26.744233	G3	96	0	0	-3
100	26.769233	27.205771	B3	96	0	0	-1
101	27.230771	27.667310	G3	96	0	0	-3
102	27.461541	27.678848	D4	96	0	0	2
103	27.692310	28.567310	C4	96	0	0	1
104	27.692310	28.128848	E3	96	0	0	-5
105	28.153848	28.590387	G3	96	0	0	-3
106	28.615387	29.051925	C4	64	0	0	-1
107	28.615387	28.905772	G4	64	0	0	5
108	29.076926	29.513464	G3	64	0	0	-3
109	29.230772	29.521156	G4	64	0	0	5
110	29.538464	29.975002	D3	64	0	0	-5
111	30.000003	30.436541	G3	64	0	0	-2
112	30.000003	30.436541	G4	64	0	0	5
113	30.461541	30.898079	B3	64	0	0	-1
114	30.461541	30.898079	D4	64	0	0	2
115	31.384618	31.821156	A2	64	0	0	-5
116	31.384618	31.601926	D4	64	0	0	5
117	31.615387	32.051926	C4	63	0	0	4
118	31.846156	32.282695	D3	61	0	0	-3
119	32.076926	32.513464	B3	59	0	0	3
120	32.307695	32.744233	F#3	57	0	0	-1
121	32.538464	33.194234	A3	55	0	0	2
122	33.230772	34.982695	E3	49	0	0	-1
123	33.230772	40.244234	G3	49	0	0	1
124	35.076926	36.828849	C3	49	0	0	-3
125	35.076926	36.828849	E3	49	0	0	-1
126	36.923080	40.428850	D3	49	0	0	-1
127	36.923080	40.428850	G2	49	0	0	-5